3968
15
0.223648
2470
762
0.156579
1246
787
0.242485
4442
798
0.149789
549
1726
0.238074
338
1741
0.185751
34
1809
0.217061
2448
1833
0.205477
1223
1853
0.201276
2701
1863
0.106894
64
1865
0.214853
7
1929
0.204077
141
2560
0.225497
1997
2953
0.24009
1804
3853
0.200443
83
4053
0.246892
2724
4089
0.23833
1404
4149
0.199177
520
4166
0.171674
2623
4198
0.217759
2894
4199
0.233517
1962
4219
0.179196
613
4250
0.241942
2701
4259
0.236679
1318
4269
0.209507
3077
4277
0.243211
2381
4310
0.244432
2870
4313
0.241588
1965
4322
0.16845
2161
4341
0.243294
3443
4342
0.184393
2161
4345
0.188426
1381
4348
0.155523
398
4355
0.169045
2016
4359
0.135208
999
4376
0.174198
1594
4389
0.21173
1198
4394
0.213956
3288
4407
0.191845
2783
4413
0.238666
788
4422
0.223549
2365
4444
0.119152
1269
4446
0.244486
1682
4453
0.222084
3322
4463
0.192871
2701
4465
0.151591
2967
4471
0.123572
1918
4484
0.19034
4054
4495
0.104217
2712
4498
0.201236
2555
4501
0.195354
3222
4503
0.218355
1787
4504
0.222428
1602
4517
0.210339
1596
4518
0.182959
4071
4524
0.177365
3234
4538
0.0934587
2340
4539
0.214202
1063
4541
0.246531
3208
4549
0.200526
4129
4550
0.205707
1554
4551
0.145035
1773
4555
0.228573
4172
4559
0.217692
1463
4566
0.223187
2752
4586
0.172368
218
4588
0.172133
160
4620
0.0945734
326
4623
0.125558
3107
4628
0.193992
288
4632
0.16899
3576
4646
0.249789
1918
4654
0.173363
4164
4659
0.135048
2152
4662
0.141577
857
4684
0.239717
3476
4689
0.164648
782
4692
0.188754
1953
4697
0.210663
1121
4698
0.248803
3204
4713
0.0980067
1902
4717
0.246162
3688
4722
0.17964
2562
4723
0.215019
1169
4727
0.209622
3765
4731
0.202295
352
4737
0.233392
2555
4738
0.078371
1729
4743
0.233456
616
4746
0.215836
3239
4748
0.0830889
300
4752
0.235125
2389
4761
0.224627
1151
4763
0.195933
787
4769
0.237928
2714
4776
0.227199
4442
4782
0.123691
3193
4783
0.210968
2483
4785
0.142422
225
4789
0.197383
4389
4791
0.172967
3971
4808
0.18869
3234
4811
0.0913514
2936
4813
0.225459
2330
4818
0.188641
2909
4821
0.196269
2560
4827
0.150446
1605
4833
0.24045
2783
4839
0.221985
4318
4843
0.234988
2363
4850
0.164474
526
4860
0.196917
1601
4865
0.131164
1800
4869
0.22732
3234
4872
0.10799
4099
4880
0.214722
2897
4896
0.126648
3475
4897
0.24719
696
4902
0.17071
2870
4904
0.179188
1865
4924
0.203527
2333
4929
0.205655
3322
4930
0.236951
1581
4942
0.142766
3254
4947
0.24599
2016
4954
0.139142
218
4971
0.153348
3239
4977
0.0848659
1485
4981
0.215983
2133
4989
0.242564
2515
4990
0.0981976
1662
4999
0.197928
1308
5000
0.141129
2913
5006
0.243012
882
5009
0.24774
2297
5015
0.139175
1551
5016
0.18015
727
5018
0.0914215
3090
5020
0.1815
3234
5027
0.121195
1918
5042
0.170328
1602
5043
0.1268
1340
5044
0.18199
3700
5046
0.144866
3035
5047
0.151114
1581
5087
0.13734
2193
5098
0.163702
3809
5102
0.157727
2075
5107
0.171661
2037
5109
0.137758
3204
5114
0.155062
1485
5118
0.182915
815
5120
0.1857
4070
5122
0.185444
2743
5127
0.170387
1771
5129
0.180364
55
5133
0.24445
2340
5138
0.193437
755
5140
0.193973
3461
5141
0.230522
290
5150
0.186957
4280
5154
0.237517
3700
5155
0.193659
2594
5161
0.0976378
911
5164
0.12972
2064
5170
0.151241
3204
5172
0.0981034
241
5174
0.14496
2525
5177
0.214578
2323
5194
0.187983
3463
5195
0.190885
612
5200
0.148215
3573
5205
0.233898
1340
5222
0.217811
1605
5224
0.188633
2214
5225
0.148098
2157
5227
0.192979
1340
5230
0.235437
2193
5232
0.137233
3207
5237
0.1677
1598
5238
0.180747
2586
5242
0.242994
2770
5244
0.2293
3671
5249
0.158841
2961
5250
0.219701
2936
5251
0.195444
3480
5252
0.141472
3992
5254
0.194545
3179
5255
0.232951
2913
5259
0.220658
3234
5260
0.193446
4009
5261
0.200177
2048
5267
0.223003
3865
5275
0.217246
1328
5276
0.172515
3523
5279
0.132324
4392
5282
0.136171
2008
5284
0.236091
915
5289
0.150891
985
5291
0.244756
1987
5294
0.230281
1444
5296
0.222536
2352
5301
0.152927
3742
5304
0.190215
2933
5305
0.167548
2076
5307
0.12572
1918
5314
0.126443
4333
5315
0.239474
2752
5320
0.211599
3036
5321
0.1677
2724
5327
0.240083
3224
5331
0.11827
1918
5334
0.124599
1916
5340
0.176476
2206
5345
0.233262
2565
5348
0.196542
214
5352
0.183141
2673
5365
0.108795
999
5381
0.183404
1762
5382
0.221483
2729
5383
0.229077
2076
5384
0.161784
2215
5393
0.163623
1918
5396
0.079075
4241
5405
0.214029
1827
5407
0.134741
2520
5420
0.202383
3467
5423
0.180157
2133
5425
0.202981
3188
5426
0.106234
1554
5435
0.13814
2913
5436
0.215681
830
5443
0.230201
1642
5446
0.110916
3625
5450
0.23839
1815
5453
0.202585
1566
5454
0.171951
1969
5455
0.235806
1554
5457
0.173253
3234
5463
0.136758
3114
5465
0.203071
376
5479
0.136821
3671
5484
0.131793
1081
5488
0.109248
4092
5489
0.193462
931
5496
0.224767
2562
5501
0.128557
4378
5504
0.116906
592
5505
0.242419
591
5507
0.218627
2622
5509
0.212602
3680
5515
0.249303
456
5517
0.228722
1952
5521
0.23546
2535
5525
0.189165
1097
5526
0.142483
3241
5533
0.203608
1801
5534
0.247267
4171
5544
0.229304
602
5545
0.231055
2110
5553
0.144416
845
5555
0.185773
3459
5558
0.164158
256
5562
0.236206
134
5563
0.193478
2270
5564
0.154269
1534
5566
0.243722
2762
5568
0.204858
2349
5571
0.237842
2189
5575
0.115101
1602
5576
0.119032
2340
5580
0.199552
2592
5587
0.202647
2870
5588
0.142267
3234
5589
0.105912
1552
5593
0.206651
2961
5596
0.204096
3671
5602
0.0833037
4070
5604
0.246867
999
5610
0.102221
418
5612
0.202628
4037
5619
0.248442
2508
5624
0.178563
1340
5629
0.156035
3971
5633
0.12038
2937
5634
0.141284
1868
5640
0.208264
3322
5644
0.0742169
2458
5650
0.238905
2061
5653
0.16712
2560
5658
0.194701
2909
5662
0.127131
2483
5670
0.117214
2238
5672
0.14961
224
5677
0.184384
2150
5680
0.232142
1001
5684
0.22097
2870
5685
0.151015
1601
5687
0.145818
2135
5692
0.18581
3913
5693
0.113886
1697
5704
0.125837
1773
5705
0.186643
2356
5706
0.224846
4425
5707
0.16592
2328
5720
0.0939093
2490
5721
0.0949271
2586
5732
0.177123
2790
5735
0.193454
2003
5740
0.21812
1554
5751
0.138888
101
5753
0.151351
3204
5757
0.113701
1687
5763
0.15844
1946
5764
0.248515
1951
5765
0.147461
4009
5770
0.159373
2495
5771
0.173157
1135
5774
0.136846
3693
5787
0.202998
3229
5788
0.119515
2524
5789
0.131306
3909
5792
0.209438
2462
5796
0.226023
2765
5800
0.233914
2559
5801
0.182208
3241
5805
0.0944747
935
5806
0.203949
2108
5817
0.151279
380
5822
0.113798
1313
5833
0.175023
101
5835
0.129749
3671
5844
0.144968
3204
5849
0.167888
3162
5854
0.189089
2634
5855
0.235165
3480
5856
0.181498
4175
5857
0.141017
1342
5860
0.245312
888
5868
0.175198
4071
5875
0.177804
479
5878
0.185026
2189
5881
0.18864
1554
5888
0.139614
3671
5907
0.100771
1068
5916
0.242747
2189
5919
0.224588
2214
5922
0.200744
1827
5931
0.232198
3647
5933
0.23117
213
5937
0.211915
2894
5947
0.0790727
3476
5949
0.0864912
3428
5950
0.153607
2892
5953
0.202892
4347
5957
0.102117
2586
5962
0.167264
3418
5964
0.177464
1347
5965
0.215119
3671
5966
0.0951682
3912
5977
0.089147
2193
5986
0.218537
2447
5989
0.154659
4057
5992
0.175035
2686
5994
0.147764
294
6000
0.173365
505
6002
0.217696
3356
6004
0.197351
2053
6006
0.173931
3887
6012
0.174905
1563
6016
0.227745
3897
6024
0.18515
4046
6042
0.246775
1364
6044
0.219915
612
6049
0.160567
3670
6053
0.120411
912
6054
0.176208
3651
6063
0.180257
1872
6064
0.19887
2395
6076
0.193427
2189
6077
0.21237
1065
6096
0.226282
104
6099
0.228015
2894
6104
0.164128
4095
6107
0.138062
2914
6108
0.121519
398
6111
0.111865
4246
6121
0.215346
2552
6122
0.0708643
3906
6126
0.163646
454
6129
0.198087
1963
6138
0.178196
2216
6144
0.168594
2594
6152
0.135213
2910
6157
0.157897
1696
6167
0.16478
3185
6171
0.243976
2061
6176
0.14318
3072
6177
0.147639
2270
6178
0.188678
3224
6183
0.122739
2395
6194
0.107602
2910
6197
0.187847
3245
6200
0.247526
3671
6201
0.122811
1060
6202
0.090716
1502
6206
0.181309
1501
6209
0.235382
1867
6214
0.191868
2565
6226
0.244039
2455
6236
0.226073
1868
6244
0.162949
4235
6246
0.228598
203
6254
0.247307
3530
6256
0.217813
1554
6262
0.162345
1830
6263
0.219886
1918
6264
0.165942
3476
6272
0.130665
4054
6283
0.117846
3908
6293
0.21393
292
6309
0.248502
2189
6313
0.113787
3881
6321
0.196089
4487
6343
0
4472
6345
0
4442
6348
0
3529
6350
0.188562
3931
6358
0.220541
4470
6363
0
3651
6368
0.16382
4468
6369
0
4456
6371
0
4417
6374
0
4464
6378
0
3474
6381
0.202111
4447
6386
0
4389
6390
0
4362
6394
0
4401
6397
0
4359
6399
0
1552
6401
0.168974
4358
6403
0
4288
6407
0
4404
6408
0
1381
6410
0.220183
1057
6411
0.231374
4351
6413
0
4486
6416
0
994
6418
0.22226
4261
6421
0
4392
6424
0
4252
6425
0
728
6427
0.240894
4332
6430
0
101
6433
0.178809
2752
6434
0.1421
4319
6435
0
2966
6437
0.249416
4373
6439
0
4481
6441
0
4367
6444
0
4297
6449
0
999
6453
0.128017
3916
6454
0.187431
4295
6456
0
3897
6459
0.157147
3204
6460
0.152798
4077
6461
0.183741
4365
6464
0
4210
6467
0
1889
6469
0.226245
1385
6470
0.21386
4209
6473
0
4203
6475
0
2555
6477
0.114935
4110
6478
0
1773
6481
0.229858
4199
6485
0
4187
6486
0
2726
6490
0.157348
4144
6492
0
4109
6495
0
4084
6497
0
954
6500
0.181094
4077
6503
0
3163
6506
0.0740038
3917
6508
0
4191
6511
0
4066
6517
0
4396
6519
0
4189
6521
0
2145
6524
0.0871829
4061
6526
0
4173
6527
0
4172
6530
0
4158
6531
0
1633
6532
0.194467
4030
6537
0
3837
6541
0
4150
6542
0
4121
6548
0
3971
6551
0.182412
3986
6553
0
4135
6557
0
3969
6562
0
4097
6567
0
4096
6571
0
3765
6572
0
3961
6576
0
3958
6578
0
4090
6579
0
3938
6582
0
3728
6587
0
3809
6589
0.2412
3699
6591
0
3686
6592
0
3676
6596
0
1595
6599
0.186706
3621
6601
0
1485
6604
0.174156
4126
6606
0
4442
6608
0.20403
3569
6611
0
3580
6612
0
3577
6613
0
1549
6615
0.137274
3589
6619
0
3523
6625
0
1861
6626
0.172252
3279
6627
0
3274
6631
0
3273
6632
0
4188
6636
0.17369
3722
6638
0
3715
6641
0
3267
6647
0
3718
6650
0
3259
6651
0
3703
6653
0
3437
6657
0.189511
3471
6658
0
3680
6660
0
2189
6664
0.163449
3654
6665
0
4205
6667
0
3648
6670
0
3547
6673
0.175737
3645
6675
0
3660
6678
0
3658
6679
0
3241
6681
0.13052
3644
6685
0
4093
6688
0
3637
6691
0
3639
6695
0
3616
6698
0
3598
6701
0
3554
6702
0
2936
6704
0.140238
4453
6705
0.195454
3544
6706
0
510
6707
0.221532
3670
6710
0.167535
3084
6711
0
3555
6712
0
1940
6716
0.244236
3083
6719
0
2246
6721
0.0524971
3780
6722
0.118402
2701
6723
0.202002
4092
6725
0.10652
3076
6727
0
3532
6728
0
4388
6733
0
3182
6734
0.195884
3575
6736
0
3313
6740
0
4194
6743
0
3521
6747
0
3036
6752
0
3296
6754
0
2513
6755
0.199463
3020
6761
0
3007
6763
0
2992
6766
0
3298
6770
0.197244
2950
6771
0
1554
6774
0.15967
2927
6779
0
2236
6781
0.14622
3112
6783
0.143342
2924
6787
0
2875
6793
0
2857
6795
0
101
6798
0.224432
2840
6801
0
2815
6805
0
2053
6808
0.168997
2814
6812
0
1274
6813
0.221027
3620
6816
0
1389
6818
0.222588
2793
6820
0
4376
6825
0
727
6826
0.0932824
3956
6827
0
2758
6830
0
3010
6834
0
2922
6835
0
2919
6839
0
3592
6844
0
2866
6851
0
2870
6853
0
3514
6857
0
3711
6861
0
4395
6863
0
4228
6864
0.218271
4269
6865
0.123924
2817
6867
0
2751
6868
0
2077
6870
0.169766
2725
6871
0
2361
6872
0
2152
6875
0.2235
3536
6879
0
1721
6881
0.24785
3014
6885
0
3538
6890
0
2672
6891
0
2999
6893
0
2327
6894
0
2991
6895
0
2983
6901
0
1340
6902
0.156551
3701
6903
0
4440
6905
0
3321
6907
0.222911
3100
6909
0.153992
2271
6912
0
2787
6913
0
2638
6915
0
213
6917
0.169483
1868
6922
0.174158
3083
6923
0.194633
1988
6926
0.159177
2978
6927
0
2634
6933
0
2260
6935
0.249328
2913
6936
0.189504
190
6938
0.140821
2214
6939
0.131274
2261
6943
0
3678
6944
0.228882
2949
6947
0
2966
6950
0
2970
6951
0
2324
6958
0
2958
6959
0
2187
6962
0
1619
6963
0.225573
2588
6966
0
2179
6969
0
2583
6980
0
2581
6983
0
474
6988
0.154512
2172
6990
0
2897
6992
0
2887
6996
0
2622
6997
0.185795
2742
6998
0
1596
7000
0.179943
4105
7001
0
2893
7004
0
2890
7006
0
2520
7010
0
2409
7012
0.102779
3021
7017
0
4418
7018
0
4065
7020
0
4087
7022
0
2852
7024
0
3653
7025
0.205224
2809
7026
0
2802
7028
0
3595
7029
0
631
7031
0.179145
2099
7033
0
3820
7034
0
2796
7039
0
2214
7041
0.107678
2800
7044
0
2490
7045
0.106865
2797
7046
0
2535
7054
0.205096
2081
7055
0
3724
7060
0
2783
7062
0
3671
7065
0
2772
7067
0
3320
7068
0
2258
7070
0
3810
7075
0.194595
2435
7076
0
1884
7080
0.168185
2039
7081
0
2434
7084
0
598
7085
0.233006
2881
7092
0
2755
7094
0
2404
7097
0
2001
7101
0
2600
7102
0.160579
2738
7103
0
2724
7106
0
2701
7109
0
2698
7114
0
1938
7119
0
1876
7121
0
2174
7124
0.161094
1874
7125
0
1857
7126
0
1818
7129
0
1797
7130
0
1789
7133
0
1775
7136
0
2774
7137
0
1769
7139
0
2703
7141
0
634
7142
0.146633
2238
7145
0.194872
1738
7146
0
1722
7151
0
2323
7156
0.129382
1719
7157
0
2762
7158
0
1696
7160
0
1921
7163
0
2884
7164
0
2971
7167
0
1830
7168
0
301
7176
0.195848
2650
7178
0
3651
7179
0.116913
1827
7180
0
3017
7182
0
4155
7184
0
1771
7189
0
2827
7190
0
999
7195
0.186638
1699
7199
0
2418
7204
0
1677
7211
0
1676
7215
0
1973
7218
0
957
7219
0.158686
1405
7221
0
1960
7227
0
2216
7228
0.121226
2820
7232
0
4024
7236
0
1683
7238
0.222936
377
7239
0.228562
1966
7240
0
3558
7245
0
1097
7249
0.178661
1665
7253
0
1955
7256
0
3519
7257
0
2679
7258
0
1943
7259
0
1621
7265
0
1336
7268
0
1927
7269
0
1885
7271
0
1554
7273
0
3437
7276
0.163066
4028
7277
0
1882
7279
0
1270
7281
0
4357
7283
0
1870
7284
0
639
7286
0.0961222
1833
7287
0
1813
7288
0
2906
7290
0.188324
2189
7292
0.157212
3935
7296
0
1381
7300
0
1940
7301
0
3529
7309
0
3489
7312
0
4463
7313
0
1824
7314
0
1859
7318
0
1551
7320
0
1252
7322
0
2654
7326
0.244467
1858
7327
0
2345
7334
0.166512
1792
7340
0
1718
7341
0
2889
7344
0.142728
3513
7350
0
2292
7353
0
3671
7355
0.132175
1220
7358
0
1341
7359
0.211738
1205
7360
0
1170
7362
0
1139
7365
0
1135
7370
0
3298
7373
0
3004
7375
0
3729
7378
0
1393
7379
0
1084
7380
0
1082
7384
0
2065
7387
0.166251
3013
7388
0
1969
7390
0.167784
1070
7393
0
1964
7394
0
4253
7396
0.198971
4119
7398
0
4452
7399
0
2877
7401
0
1080
7404
0
2839
7405
0
1952
7406
0
3512
7414
0
3706
7415
0
1035
7416
0.125972
1052
7418
0
3422
7420
0.206875
1050
7422
0
2594
7425
0.0847161
1032
7427
0
1221
7435
0
2686
7436
0.203183
1216
7439
0
2287
7443
0
1108
7444
0
1187
7445
0.218285
4111
7448
0
1087
7453
0
4378
7454
0
1102
7456
0
1059
7458
0
1219
7462
0
3234
7465
0.10545
824
7472
0
265
7474
0.183337
2765
7476
0.236997
1916
7478
0
4442
7481
0.156167
1212
7483
0
3543
7494
0
195
7495
0.192831
2686
7498
0
2065
7500
0.17604
1192
7503
0
3303
7506
0
1969
7508
0.149035
1823
7512
0
994
7514
0
1202
7516
0
2903
7518
0.1093
3567
7520
0
946
7524
0
1806
7525
0
1114
7527
0
1099
7531
0
1815
7532
0
1179
7544
0
1094
7545
0
2913
7546
0.129345
2860
7547
0
1886
7551
0
3002
7555
0
1096
7559
0
3195
7561
0.122977
4168
7562
0
1928
7563
0.220929
1116
7566
0
1686
7568
0
1045
7571
0
4116
7573
0
1036
7574
0
1057
7576
0
1552
7578
0.188961
1033
7580
0
2175
7582
0.0946501
2750
7583
0
4192
7586
0
651
7588
0
604
7592
0
160
7596
0.249896
1090
7598
0
3942
7603
0
1412
7606
0.0780224
1556
7607
0
1038
7608
0.187122
3568
7611
0
980
7616
0.21179
1071
7617
0
935
7618
0.178829
603
7619
0
2704
7622
0
3570
7625
0
586
7633
0
3625
7635
0
583
7639
0
653
7644
0
3017
7647
0.191798
2961
7648
0
3206
7649
0.193748
2913
7652
0.182272
2034
7655
0
667
7656
0
1734
7658
0
290
7659
0.249781
1064
7661
0
1753
7663
0
3602
7667
0
3203
7670
0
2586
7674
0
658
7678
0
2608
7679
0.222357
3663
7682
0
1483
7684
0.237116
2590
7685
0
652
7688
0
2729
7689
0.128755
2340
7690
0.168147
2121
7691
0
2843
7693
0
643
7694
0
607
7695
0
194
7696
0.203609
623
7698
0
595
7699
0
2889
7701
0.144004
590
7702
0
1340
7710
0.16363
3188
7711
0.191575
1188
7714
0
1182
7716
0
4026
7718
0
2813
7721
0
593
7722
0
4368
7723
0
1889
7724
0
489
7725
0
580
7728
0
1907
7729
0.198701
382
7734
0.207641
596
7736
0
1739
7738
0
568
7739
0
1910
7740
0
3467
7743
0
3978
7745
0
3191
7746
0.176162
1925
7750
0
390
7751
0
1549
7753
0
371
7758
0
1998
7760
0
328
7761
0.178992
3036
7764
0.165654
4154
7768
0
1791
7770
0
1733
7771
0
1762
7773
0
321
7774
0
1945
7775
0
3604
7776
0
395
7778
0
3195
7780
0.229473
1680
7783
0
614
7789
0
391
7795
0
3700
7796
0
1189
7798
0
660
7799
0
345
7803
0
1341
7804
0
668
7811
0
3600
7813
0
1554
7815
0.232328
380
7818
0
2490
7820
0.108747
1551
7821
0.173364
634
7824
0.183645
1172
7825
0
2989
7828
0
341
7834
0
3442
7836
0.101986
377
7838
0
1349
7840
0
1181
7844
0
598
7845
0.155765
2841
7846
0
575
7848
0
1105
7850
0
3205
7851
0
1804
7852
0
2005
7853
0.154961
1771
7856
0.171503
232
7857
0
1614
7860
0
375
7861
0
1627
7864
0
2720
7865
0.226878
3364
7868
0
366
7870
0
2271
7875
0.174008
2771
7877
0
704
7880
0.0974443
4390
7881
0
331
7883
0
1054
7884
0
322
7887
0
311
7893
0
1972
7897
0
672
7900
0
329
7902
0
255
7904
0.225018
557
7907
0
323
7910
0
363
7911
0
3491
7912
0
1949
7914
0
2190
7916
0
4441
7917
0
2854
7919
0
266
7921
0.231627
2782
7922
0
552
7925
0
309
7928
0
134
7930
0.192086
1697
7933
0
2912
7936
0.223227
3006
7941
0
1072
7944
0
2872
7945
0.195017
1403
7946
0
147
7947
0
3828
7953
0
162
7957
0
175
7959
0
171
7962
0
144
7965
0
381
7966
0.183315
2442
7967
0.230535
1892
7970
0
547
7978
0
340
7983
0
3651
7984
0
626
7986
0
95
7988
0
1675
7989
0
93
7990
0
1485
7994
0
149
7995
0
107
7998
0
4442
7999
0.165316
2951
8000
0
3671
8007
0.110437
1605
8008
0.246905
3911
8010
0
800
8012
0.2016
1687
8015
0
4157
8017
0.223836
106
8019
0
1162
8022
0
2036
8027
0.194091
2380
8029
0.176895
110
8032
0
3281
8034
0
1025
8035
0
51
8042
0
1754
8047
0
1111
8050
0
1150
8055
0.218161
3730
8056
0
94
8063
0
3932
8069
0.182975
655
8072
0
4225
8074
0
286
8079
0
784
8082
0.2013
1278
8084
0.124918
2721
8086
0
4292
8087
0
1204
8088
0
939
8091
0
2646
8094
0
3635
8095
0
49
8097
0
2719
8099
0
3734
8100
0.162225
2639
8102
0
1596
8104
0
2330
8106
0.159563
1161
8107
0
1270
8108
0.238041
3247
8109
0
3535
8113
0
2732
8114
0.241192
639
8116
0
3885
8117
0
4152
8119
0
1144
8122
0
47
8124
0
15
8125
0
4114
8127
0
565
8128
0
2697
8135
0
2384
8136
0
102
8138
0.202874
92
8140
0
4167
8141
0
2186
8145
0.156266
559
8151
0
1751
8152
0
3656
8153
0
562
8156
0
3114
8158
0.24254
2914
8160
0.148797
103
8162
0
2428
8165
0
13
8168
0
2193
8169
0.180456
2070
8173
0.193434
1037
8174
0
379
8178
0.219842
786
8180
0
98
8181
0
416
8182
0
97
8184
0
1352
8186
0
163
8189
0
1598
8190
0.177353
3047
8191
0
1856
8194
0
141
8195
0.209647
3671
8197
0.116264
2878
8202
0
3898
8203
0.128951
1028
8206
0
3284
8208
0
2759
8209
0
42
8212
0
3700
8213
0.163322
2900
8214
0
983
8216
0
143
8220
0
3700
8224
0.129512
17
8225
0
1748
8226
0.122491
96
8231
0
2779
8233
0
972
8241
0
3480
8245
0.200913
598
8248
0
4079
8249
0
2823
8252
0
1913
8260
0
7
8269
0
1805
8270
0
3015
8273
0
1023
8274
0
41
8279
0.230562
5
8281
0
1200
8283
0
6
8284
0
1873
8285
0
2913
8288
0.171632
361
8290
0
1178
8292
0
1340
8299
0
8
8304
0
2288
8305
0
2039
8306
0.239898
1911
8307
0
2216
8309
0.141454
3291
8310
0
165
8312
0
62
8318
0
3668
8319
0
180
8320
0.224591
44
8321
0
2789
8323
0
743
8325
0
1
8327
0
4400
8328
0
1701
8329
0
3209
8331
0
14
8333
0
237
8339
0
2919
8342
0.142844
3700
8344
0.205438
34
8345
0
3201
8346
0
1942
8349
0
370
8352
0
187
8355
0
1666
8357
0.11244
617
8359
0
1800
8360
0.200644
332
8362
0
330
8365
0
1552
8367
0.248339
3710
8368
0
3475
8369
0
1969
8373
0.193021
2421
8375
0.223083
3671
8379
0.117233
4393
8380
0
2842
8382
0.149456
39
8383
0
2842
8384
0
999
8386
0.112985
0
8392
0
